part0
14285	24135	66530	48943	55810	
part1
69138	94891	12475	88235	
part2
15804	66530	77459	77360	48649	84326	30705	
part3
10693	11265	22623	50046	12475	86948	90837	84326	98656	
part4
84326	47699	59236	27347	
part5
10693	77459	50046	65989	44927	47699	69087	
part6
77459	77360	22623	89612	88684	98451	90837	23517	99050	19508	98478	59236	24244	
part7
55810	59700	86974	21994	55544	69087	39514	
part8
42405	89612	88684	93822	94583	97918	86974	
part9
24135	86974	
part10
15804	10693	86948	97918	95821	21994	24244	69087	39514	
part11
24135	66530	10693	12475	86948	98451	65989	44927	27347	
part12
98451	25138	61355	27347	
part13
86948	21994	39514	
part14
24135	11845	11265	77459	85446	48649	90837	61355	98478	
part15
66530	69138	94891	98451	98478	
part16
15804	50046	94583	95821	61355	69087	
part17
14285	48943	94891	
part18
69138	48649	19508	98656	
part19
50046	88684	12475	44927	61032	19508	41618	
