part0
6112212	2536285	9420124	9170654	3535535	2730747	9241667	
part1
8837230	3914215	2734099	7759424	1738573	9859548	1267813	4701932	5867886	
part2
1183407	5410257	1804964	4249370	9859548	3982409	7859560	2976972	3258624	
part3
5576851	9336301	1747541	1267813	7891928	2976972	6179973	
part4
7070859	5326434	2665049	5410257	2292031	2536285	7409271	4183714	5566027	4338606	6179973	
part5
1183407	1804964	1822787	9170654	8117996	3373926	
part6
3444128	5410257	7759424	2621470	9068087	9859548	5566027	
part7
2665049	7409271	9068087	5566027	8510667	4701932	
part8
1183407	5576851	2536285	2621470	1550134	1267813	9420124	7665393	
part9
2552365	9133982	3982409	1747541	7891928	1511550	
part10
8837230	3982409	1511550	9241667	
part11
1183407	2665049	5410257	1804964	9469547	1738573	4249370	3982409	6179973	
part12
6112212	3444128	1822787	7423876	9469547	8271240	4249370	3952472	
part13
2427547	1738573	9420124	5867886	
part14
7070859	3444128	3914215	9469547	9170654	7891928	5566027	4203510	2976972	3258624	3373926	
part15
1804964	1822787	7759424	9336301	5268283	4701932	
part16
2665049	9469547	9859548	1550134	9371186	7665393	5867886	6982388	3373926	
part17
6112212	3444128	5268283	5867886	
part18
5576851	3914215	7925098	9336301	4249370	2181273	9420124	7491795	9241667	
part19
5576851	4701932	3952472	2976972	
